Generation:
50

Phenotype:
(x[1] - (plog(x[3]) - pdiv(pdiv(x[3], x[0]), x[0])))

Genotype:
[30315, 45778, 52953, 70645, 80291, 70645, 73526, 50305, 33563, 76062, 91295, 36872, 76167, 6973, 1672, 455, 13723, 5922, 63091, 33933, 41524, 89332, 45778, 74080, 85956, 83077, 38265, 11088, 23716, 16057, 8615, 96388, 52586, 79043, 35363, 7126, 64938, 19681, 4253, 66061, 68334, 81664, 4194, 69604, 99554, 20318, 19681, 60015, 47176, 4253, 87194, 90138, 25160, 5589, 40393, 7126, 17135, 28062, 84112, 48431, 32835, 9739, 91237, 52740, 74563, 19681, 54271, 3201, 13494, 97186, 58368, 60071, 24533, 71881, 5549, 87854, 56014, 97043, 37353, 87675, 66999, 67983, 83193, 72595, 90924, 40685, 42803, 11092, 2734, 88611, 96739, 90393, 28257, 31644, 72101, 27002, 78265, 74917, 33790, 25061, 24704, 40790, 97521, 64674, 90475, 97910, 64460, 92764, 5684, 47067, 27836, 21047, 61071, 43014, 84793, 40141, 87878, 88099, 89948, 86861, 15909, 37711, 17260, 88182, 91347, 50599, 87005, 11032, 89675, 54510, 53312, 40811, 26927, 11266]
Tree:
None

Training fitness:
0.7972680472680473
Test fitness:
0.7727272727272727