Generation:
50

Phenotype:
plog(np.sin(np.exp(plog(x[3])-np.tanh(np.exp(np.sin(plog(np.tanh(x[4]*np.exp(psqrt(plog(x[3])))+pdiv(x[4]*psqrt(x[2])*x[0]+np.sin(plog(x[1]))*psqrt(psqrt(np.sin(psqrt(np.sin(x[4]+np.tanh(psqrt(np.sin(plog(x[4]))+plog(psqrt(np.tanh(x[1])))))))*np.tanh(np.sin(plog(np.tanh(76.92-np.exp(psqrt(x[4]))))))+np.sin(x[3])))),np.exp(psqrt(x[2])))))))*plog(psqrt(plog(67.74)+np.exp(np.tanh(39.29)*np.exp(psqrt(np.tanh(plog(np.tanh(np.sin(59.86)))+np.tanh(np.exp(psqrt(np.tanh(np.sin(np.exp(np.tanh(x[4]*np.exp(np.sin(np.sin(np.sin(psqrt(x[0])))))*x[3]))))))*plog(psqrt(x[4]))-plog(psqrt(np.sin(np.exp(plog(np.sin(np.sin(psqrt(x[0]))))))))))))*np.sin(np.exp(plog(x[3]))))+plog(plog(np.tanh(x[3]+x[4])))*np.exp(plog(np.sin(psqrt(np.tanh(np.sin(np.exp(x[2])))))))+psqrt(psqrt(np.sin(np.sin(np.sin(x[1])))))-x[3]))))))

Genotype:
[32453, 63980, 31117, 29881, 73703, 18822, 33651, 49217, 33592, 8090, 31598, 33651, 49217, 47968, 32160, 38092, 38659, 73703, 18822, 89223, 49217, 47968, 62012, 38505, 38732, 58729, 52841, 66399, 95720, 11048, 30985, 38659, 11479, 27425, 68400, 52982, 38659, 58760, 68400, 83803, 22446, 17719, 18165, 35285, 67553, 41203, 86558, 94909, 80211, 13465, 58821, 20510, 20003, 66891, 60781, 59369, 99257, 11706, 42389, 57042, 52612, 58729, 31933, 95720, 44907, 51442, 38659, 51986, 88088, 35389, 6240, 15398, 70214, 78466, 857, 49217, 89334, 89116, 51735, 56267, 96495, 26872, 94322, 41226, 75839, 79583, 87079, 75762, 38659, 49217, 10252, 69244, 58641, 37545, 31598, 33651, 98405, 14099, 30985, 38659, 49658, 70956, 11706, 49217, 10252, 69244, 58641, 91715, 97927, 33651, 49217, 47968, 62012, 76807, 41690, 20510, 82715, 90874, 15279, 78732, 51646, 49658, 38659, 44818, 20003, 38149, 51440, 12307, 30923, 27425, 98405, 38659, 83244, 51440, 12307, 58583, 18822, 73163, 13148, 41316, 71340, 27747, 40303, 98137, 2303, 14840, 69244, 58641, 27425, 58042, 87071, 25774, 65674, 62660, 84635, 12050, 77800, 68007, 90305, 52264, 99614, 33308, 52841, 95720, 70956, 38659, 84637, 21673, 67553, 41203, 86558, 37745, 54040, 38659, 89116, 77326, 79293, 7795, 24949, 4607, 60552, 68795, 91535, 17520, 85908, 20510, 82715, 47968, 62012, 29881, 73703, 18822, 33651, 71120, 47968, 89359, 38505, 38732, 58729, 52841, 17520, 85908, 63261, 51455, 56634, 48066, 98405, 52603, 43905, 22433, 56267, 19609, 77446, 81589, 76621, 82058, 82058, 57499, 6921, 38659, 95835, 98008, 62759, 26438, 62660, 78201, 94357, 32669, 96485, 14011, 2561, 15370, 84635, 30583, 67007, 22088, 71500, 9117, 6567, 63397, 88088, 36600, 27747, 40303, 38505, 38732, 58729, 52841, 95720, 11048, 30985, 38659, 62012, 76807, 41690, 20510, 82715, 38659, 3482, 95734, 8446, 71340, 69496, 78201, 82058, 57499, 6921, 38659, 30451, 33651, 49217, 26438, 62660, 78201, 31987, 39824, 96485, 87965, 2561, 64043, 11479, 58695, 32384, 31668, 92448, 43176, 55487, 77446, 81589, 21366, 82058, 60738, 58760, 68400, 84080, 78732, 13941, 8776, 16197, 38659, 23274, 29314, 10231, 63590, 93750, 21912, 78732, 60929, 84667, 35173, 21560, 61535, 15370, 84635, 91020, 63580, 22088, 71500, 9117, 6567, 63397, 88088, 36600, 27747, 40303, 10231, 63590, 93750, 21912, 78732, 55093, 84667, 35173, 21560, 5548, 15370, 77890, 66120, 82965, 81475, 88873, 14413, 16121, 86790, 74829, 96866, 55162, 47993, 38848, 92982, 67592, 49558, 7365, 45792, 88707, 46215, 76297, 39852, 35614, 33809, 90951, 61929, 27941, 56105, 43985, 25308, 65470]
Tree:
None

Fitness:
0.18000067999344335