Generation:
50

Phenotype:
((pdiv(x[0], -0.1) + psqrt(-0.001)) - pdiv(x[1], plog(pdiv(psqrt(pdiv(x[1], x[1])), x[0]))))

Genotype:
[4715, 39705, 66437, 10746, 75983, 9027, 9600, 36014, 22921, 13617, 50631, 1566, 49234, 8771, 85112, 27637, 82119, 99793, 90448, 82325, 8481, 67483, 13617, 51005, 74051, 75940, 29722, 19506, 26358, 51190, 42097, 81238, 14740, 97649, 59933, 76755, 99096, 94054, 90742, 1035, 72686, 23331, 87739, 97870, 52488, 56242, 87524, 60254, 10477, 83251, 49943, 1343, 99793, 81304, 35828, 52646, 8947, 29555, 65555, 20256, 73643, 79747, 43556, 38358, 1210, 53427, 90803, 55051, 83251, 56798, 28528, 68527, 90382, 31725, 90001, 71934, 72076, 41505, 11881, 4046, 7313, 74744, 54939, 96656, 39953, 21083, 69298, 37221, 97649, 23209, 72769, 76376, 60886, 79987, 59575, 23832, 48911, 94873, 60893, 93519, 54174, 91367, 57758, 27827, 45266, 80036, 91605, 84829, 71798, 88905, 53546, 94560, 8206, 5067, 53594, 78572, 43491, 49502, 99750, 24973, 35867, 23797, 93213, 50140, 80159, 715, 15354, 24747, 72363, 47084, 65620, 29008, 40444, 60886, 79987, 14009, 98678, 87524, 55034, 12729, 83251, 89954, 1343, 52646, 8947, 29555, 70020, 22944, 99217, 9510, 33881, 14804, 71775, 94054, 90742, 4249, 74169, 23331, 87739, 53923, 5762, 58990, 8205, 21343, 2494, 2135, 2720, 40403, 56253, 86059, 94526, 95091, 30822, 81860, 58010, 76566, 7126, 39110, 37140, 71920, 11679, 59408]
Tree:
None

Training fitness:
0.8980018590076382
Test fitness:
0.8969271369202526